0,0.010726,0.044558,0.052513,0.0060397,0.041529,0.024965,0.019905,0.040795,0.019745,0.048346,0.010727,0.052539,0.011886,0.055287,0.014513,0.057878,0.04759,0.004693,0.014303,0.0092009,0.055688,0.0074995,0.037102,0.057355,0.057884,0.061236,0.056703,0.061126,0.048304,0.057762,0.02003,0.046749,0.052788,0.058981,0.051849
0,0,0.044741,0.052811,0.01295,0.041724,0.024996,0.019957,0.040949,0.019685,0.048508,0.0084216,0.05277,0.0034324,0.055534,0.0045067,0.058088,0.047827,0.015251,0.003714,0.015936,0.055918,0.01322,0.037294,0.05766,0.058189,0.061542,0.05701,0.061356,0.048607,0.05807,0.020133,0.047055,0.053097,0.059289,0.052154
0,0,0,0.056312,0.040211,0.015302,0.026269,0.028198,0.0084014,0.034392,0.015415,0.032461,0.018111,0.039186,0.014099,0.039823,0.019204,0.022208,0.046416,0.041191,0.029825,0.017628,0.035359,0.0051275,0.056252,0.039616,0.057538,0.041417,0.014177,0.033363,0.042291,0.026021,0.03456,0.048872,0.053663,0.035942
0,0,0,0,0.044579,0.053026,0.062222,0.058365,0.058468,0.064122,0.061357,0.045751,0.051218,0.050131,0.048675,0.054859,0.058244,0.047495,0.04783,0.054001,0.051207,0.053,0.057432,0.051861,0.0067643,0.026546,0.0089567,0.023056,0.055914,0.025152,0.023238,0.055244,0.023001,0.0095053,0.0076453,0.024743
0,0,0,0,0,0.036854,0.025522,0.020265,0.037325,0.022879,0.044535,0.0096038,0.046662,0.012316,0.048896,0.015828,0.052543,0.041538,0.0061422,0.015931,0.0079627,0.049813,0.010672,0.032603,0.049219,0.049716,0.053035,0.048446,0.055197,0.040184,0.0495,0.018967,0.038548,0.044497,0.050707,0.043689
0,0,0,0,0,0,0.024798,0.026104,0.024566,0.03264,0.0057141,0.029193,0.014336,0.036116,0.021546,0.037038,0.019197,0.019503,0.043137,0.038319,0.02696,0.017305,0.032899,0.016605,0.053204,0.037463,0.05466,0.039034,0.026123,0.030642,0.039952,0.023637,0.031661,0.045847,0.050818,0.033421
0,0,0,0,0,0,0,0.006883,0.020772,0.007986,0.028115,0.01902,0.038043,0.021042,0.042468,0.01876,0.040924,0.034499,0.02941,0.020657,0.013852,0.040806,0.01138,0.020935,0.064911,0.056157,0.067737,0.0565,0.045899,0.047144,0.05757,0.0087886,0.046875,0.058383,0.064431,0.0507
0,0,0,0,0,0,0,0,0.023218,0.0042618,0.030833,0.014025,0.039008,0.015794,0.043034,0.013812,0.042709,0.034949,0.024176,0.015657,0.0071124,0.041944,0.0064728,0.021846,0.061422,0.054278,0.064453,0.054314,0.047226,0.044975,0.055398,0.0049542,0.044439,0.055144,0.061293,0.048605
0,0,0,0,0,0,0,0,0,0.029032,0.023951,0.029426,0.022167,0.035562,0.016257,0.03564,0.020917,0.024165,0.043242,0.037151,0.025922,0.020156,0.03073,0.0072333,0.059026,0.043907,0.060673,0.045405,0.018267,0.036851,0.046339,0.02143,0.03772,0.051716,0.056871,0.03974
0,0,0,0,0,0,0,0,0,0,0.036449,0.018565,0.045744,0.017328,0.049928,0.01357,0.049029,0.041864,0.025061,0.01548,0.010086,0.04861,0.0069774,0.028536,0.067546,0.0613,0.070743,0.061242,0.05381,0.051929,0.06233,0.0079942,0.051295,0.061499,0.067703,0.055574
0,0,0,0,0,0,0,0,0,0,0,0.036684,0.01285,0.043065,0.020285,0.043274,0.016719,0.017709,0.050592,0.044762,0.033485,0.015401,0.038386,0.017177,0.061112,0.043698,0.06225,0.045714,0.025147,0.038004,0.046541,0.029087,0.039342,0.053724,0.058351,0.040395
0,0,0,0,0,0,0,0,0,0,0,0,0.03965,0.0056397,0.042307,0.0085972,0.045207,0.03465,0.01338,0.0088,0.011181,0.042804,0.010662,0.02487,0.049534,0.046451,0.052969,0.045696,0.048233,0.036804,0.046781,0.011931,0.035587,0.043921,0.050185,0.040447
0,0,0,0,0,0,0,0,0,0,0,0,0,0.047099,0.011476,0.048774,0.0063225,0.0056409,0.053168,0.049823,0.038717,0.0035656,0.045297,0.01777,0.049732,0.030033,0.05014,0.032528,0.020056,0.026297,0.033214,0.036276,0.028243,0.042458,0.046208,0.027851
0,0,0,0,0,0,0,0,0,0,0,0,0,0,0.049894,0.0039545,0.052433,0.042164,0.015792,0.0038645,0.015207,0.050247,0.013021,0.031699,0.054547,0.05346,0.058251,0.052478,0.055686,0.043827,0.053552,0.015305,0.042425,0.049506,0.055756,0.047427
0,0,0,0,0,0,0,0,0,0,0,0,0,0,0,0.051952,0.010358,0.013008,0.05542,0.052862,0.042026,0.0082218,0.048907,0.014779,0.046612,0.025904,0.046651,0.028667,0.0081847,0.023523,0.029252,0.040131,0.025743,0.039498,0.042743,0.024502
0,0,0,0,0,0,0,0,0,0,0,0,0,0,0,0,0.053641,0.044034,0.018477,0.0014239,0.017891,0.051889,0.014551,0.032581,0.059191,0.057292,0.062846,0.056479,0.057324,0.047644,0.057561,0.014377,0.046381,0.054017,0.060278,0.051281
0,0,0,0,0,0,0,0,0,0,0,0,0,0,0,0,0,0.0079577,0.058988,0.054852,0.04354,0.0037343,0.049604,0.018648,0.05649,0.035962,0.056657,0.038726,0.017541,0.033182,0.039316,0.040331,0.035243,0.049293,0.05274,0.034435
0,0,0,0,0,0,0,0,0,0,0,0,0,0,0,0,0,0,0.048054,0.045007,0.034047,0.0067543,0.04085,0.020922,0.046537,0.028324,0.047331,0.030394,0.022012,0.023118,0.031199,0.032041,0.024764,0.039174,0.043405,0.025213
0,0,0,0,0,0,0,0,0,0,0,0,0,0,0,0,0,0,0,0.018292,0.010595,0.05632,0.010595,0.038825,0.052979,0.055381,0.056992,0.053899,0.061711,0.045967,0.05493,0.023628,0.044182,0.048876,0.054972,0.049389
0,0,0,0,0,0,0,0,0,0,0,0,0,0,0,0,0,0,0,0,0.018178,0.052952,0.014741,0.033865,0.05849,0.05733,0.062216,0.056401,0.058393,0.047689,0.057478,0.016038,0.046332,0.053492,0.05974,0.051303
0,0,0,0,0,0,0,0,0,0,0,0,0,0,0,0,0,0,0,0,0,0.041821,0.0071771,0.022504,0.054632,0.049539,0.057875,0.049164,0.047251,0.039982,0.050255,0.0073351,0.039093,0.04867,0.054897,0.043651
0,0,0,0,0,0,0,0,0,0,0,0,0,0,0,0,0,0,0,0,0,0,0.048342,0.017178,0.051173,0.030707,0.051333,0.033427,0.01672,0.0279,0.034032,0.03927,0.030003,0.04399,0.047415,0.02911
0,0,0,0,0,0,0,0,0,0,0,0,0,0,0,0,0,0,0,0,0,0,0,0.028488,0.061245,0.05702,0.064653,0.056582,0.053726,0.047442,0.057673,0.010413,0.04649,0.055556,0.061812,0.051111
0,0,0,0,0,0,0,0,0,0,0,0,0,0,0,0,0,0,0,0,0,0,0,0,0.052589,0.03852,0.054381,0.039728,0.017805,0.030878,0.040706,0.019266,0.031543,0.045323,0.050625,0.03396
0,0,0,0,0,0,0,0,0,0,0,0,0,0,0,0,0,0,0,0,0,0,0,0,0,0.022499,0.0075239,0.019049,0.053525,0.02347,0.018961,0.058171,0.021811,0.0051957,0.0067836,0.02212
0,0,0,0,0,0,0,0,0,0,0,0,0,0,0,0,0,0,0,0,0,0,0,0,0,0,0.021474,0.0034983,0.032044,0.0096475,0.0035884,0.050851,0.011198,0.016625,0.017759,0.0060367
0,0,0,0,0,0,0,0,0,0,0,0,0,0,0,0,0,0,0,0,0,0,0,0,0,0,0,0.018225,0.053265,0.024259,0.017889,0.061149,0.023,0.0099066,0.0035475,0.022289
0,0,0,0,0,0,0,0,0,0,0,0,0,0,0,0,0,0,0,0,0,0,0,0,0,0,0,0,0.03508,0.0093599,0.0010914,0.050881,0.010113,0.013141,0.014432,0.0058438
0,0,0,0,0,0,0,0,0,0,0,0,0,0,0,0,0,0,0,0,0,0,0,0,0,0,0,0,0,0.030793,0.035541,0.044612,0.033104,0.046551,0.049404,0.031434
0,0,0,0,0,0,0,0,0,0,0,0,0,0,0,0,0,0,0,0,0,0,0,0,0,0,0,0,0,0,0.010436,0.041543,0.0026132,0.016163,0.02035,0.0036696
0,0,0,0,0,0,0,0,0,0,0,0,0,0,0,0,0,0,0,0,0,0,0,0,0,0,0,0,0,0,0,0.051966,0.011202,0.013371,0.014173,0.0068889
0,0,0,0,0,0,0,0,0,0,0,0,0,0,0,0,0,0,0,0,0,0,0,0,0,0,0,0,0,0,0,0,0.041012,0.051826,0.057956,0.045172
0,0,0,0,0,0,0,0,0,0,0,0,0,0,0,0,0,0,0,0,0,0,0,0,0,0,0,0,0,0,0,0,0,0.014428,0.019161,0.0052501
0,0,0,0,0,0,0,0,0,0,0,0,0,0,0,0,0,0,0,0,0,0,0,0,0,0,0,0,0,0,0,0,0,0,0.0078015,0.015138
0,0,0,0,0,0,0,0,0,0,0,0,0,0,0,0,0,0,0,0,0,0,0,0,0,0,0,0,0,0,0,0,0,0,0,0.018357
0,0,0,0,0,0,0,0,0,0,0,0,0,0,0,0,0,0,0,0,0,0,0,0,0,0,0,0,0,0,0,0,0,0,0,0
